HEX: FFFFFFE9
DECIMAL: -6.805638E+38

HEX: FFFFFF5F
DECIMAL: -6.805582E+38

HEX: 7FFFFF5F
DECIMAL: 6.805582E+38

